00000001 00000000
00000002 00000000
00000003 00000000
00000004 00200100
00000005 00200100
00000006 00200100
00000007 00200100
00000008 00200100
00000009 00400100
00000010 00400100
00000011 00200100
00000012 00400100
00000013 00400100
00000014 00400100
00000015 00500200
00000016 00500200
00000017 00400100
00000018 00400100
00000019 00400100
00000020 00500200
00000021 00400100
00000022 00400100
00000023 00400100
00000024 00400100
00000025 00700200
00000026 00400100
00000027 00400100
00000028 00400100
00000029 00200100
00000030 00500200
00000031 00400100
00000032 00500200
00000033 00500200
00000034 00700200
00000035 00200100
00000036 00500200
00000037 00500200
00000038 00700200
00000039 00900300
00000040 00700200
00000041 00900300
00000042 00500200
00000043 00400100
00000044 00700200
00000045 01000300
00000046 00500200
00000047 00900300
00000048 00700200
00000049 00900300
00000050 00400100
00000051 00700200
00000052 01200300
00000053 00500200
00000054 01200300
00000055 00700200
00000056 00500200
00000057 00500200
00000058 01200300
00000059 00700200
00000060 00700200
00000061 00700200
00000062 01400400
00000063 01200300
00000064 01400400
00000065 00700200
00000066 01500400
00000067 00400100
00000068 01500400
00000069 01400400
00000070 01700500
00000071 00700200
00000072 00700200
00000073 00900300
00000074 01200300
00000075 01900500
00000076 00400100
00000077 01700500
00000078 01400400
00000079 01400400
00000080 01200300
00000081 01400400
00000082 00500200
00000083 01400400
00000084 00500200
00000085 02000500
00000086 00500200
00000087 00900300
00000088 00500200
00000089 01700500
00000090 02000500
00000091 01400400
00000092 00700200
00000093 01900500
00000094 00900300
00000095 00500200
00000096 02400600
00000097 01000300
00000098 01000300
00000099 00500200
00000100 02400600
00000101 01000300
00000102 01000300
00000103 01000300
00000104 01700500
00000105 00500200
00000106 00900300
00000107 02000500
00000108 02700700
00000109 02000500
00000110 01400400
00000111 01500400
00000112 01000300
00000113 01400400
00000114 02900800
00000115 01700500
00000116 01700500
00000117 00900300
00000118 02200600
00000119 01700500
00000120 02500700
00000121 02200600
00000122 00900300
00000123 00700200
00000124 01500400
00000125 01500400
00000126 00700200
00000127 02000500
00000128 02400600
00000129 01900500
00000130 02700700
00000131 02400600
00000132 02700700
00000133 03300900
00000134 03300900
00000135 01400400
00000136 01000300
00000137 00700200
00000138 00700200
00000139 01000300
00000140 02900800
00000141 01700500
00000142 02200600
00000143 01000300
00000144 02900800
00000145 02700700
00000146 03000800
00000147 01700500
00000148 03000800
00000149 02400600
00000150 03701000
00000151 02700700
00000152 01400400
00000153 00900300
00000154 03801000
00000155 03200800
00000156 02900800
00000157 01200300
00000158 02200600
00000159 02200600
00000160 02900800
00000161 01200300
00000162 00900300
00000163 01900500
00000164 01900500
00000165 01200300
00000166 02700700
00000167 02400600
00000168 01500400
00000169 03000800
00000170 02700700
00000171 01200300
00000172 01200300
00000173 01700500
00000174 02400600
00000175 00900300
00000176 00900300
00000177 01200300
00000178 02000500
00000179 04301100
00000180 03200800
00000181 02000500
00000182 03300900
00000183 00900300
00000184 02200600
00000185 03701000
00000186 00900300
00000187 01400400
00000188 04201100
00000189 02500700
00000190 03000800
00000191 02700700
00000192 04301100
00000193 04301100
00000194 03801000
00000195 01400400
00000196 04801200
00000197 03200800
00000198 04001000
00000199 01400400
00000200 02400600
00000201 03200800
00000202 02700700
00000203 02700700
00000204 05001300
00000205 04501200
00000206 03200800
00000207 01000300
00000208 01500400
00000209 04701200
00000210 05201300
00000211 01000300
00000212 01500400
00000213 04301100
00000214 01000300
00000215 04301100
00000216 02900800
00000217 01000300
00000218 04801200
00000219 02500700
00000220 04301100
00000221 04001000
00000222 05301400
00000223 03500900
00000224 03000800
00000225 05501400
00000226 05001300
00000227 02500700
00000228 03000800
00000229 04701200
00000230 04701200
00000231 04701200
00000232 02200600
00000233 01700500
00000234 02700700
00000235 02200600
00000236 02200600
00000237 05301400
00000238 03200800
00000239 02700700
00000240 05801500
00000241 02700700
00000242 02700700
00000243 02200600
00000244 02700700
00000245 04301100
00000246 01700500
00000247 05001300
00000248 04501200
00000249 01200300
00000250 02400600
00000251 04001000
00000252 05701500
00000253 03300900
00000254 02400600
00000255 02400600
00000256 02900800
00000257 02400600
00000258 04001000
00000259 05201300
00000260 01200300
00000261 02400600
00000262 04701200
00000263 03500900
00000264 04701200
00000265 06501700
00000266 05801500
00000267 06001500
00000268 01400400
00000269 02500700
00000270 01900500
00000271 01900500
00000272 06001500
00000273 05501400
00000274 03000800
00000275 01900500
00000276 03200800
00000277 04301100
00000278 01400400
00000279 01900500
00000280 05701500
00000281 04301100
00000282 05701500
00000283 04301100
00000284 06801700
00000285 07001800
00000286 07001800
00000287 02700700
00000288 02700700
00000289 03801000
00000290 02000500
00000291 03801000
00000292 07101800
00000293 05801500
00000294 06501700
00000295 05801500
00000296 06501700
00000297 06001500
00000298 04701200
00000299 01400400
00000300 02000500
00000301 06601700
00000302 02000500
00000303 07301900
00000304 04701200
00000305 06101600
00000306 02900800
00000307 06801700
00000308 02900800
00000309 04801200
00000310 02900800
00000311 02200600
00000312 01500400
00000313 07601900
00000314 07001800
00000315 02200600
00000316 01500400
00000317 06301600
00000318 03500900
00000319 02900800
00000320 03500900
00000321 04301100
00000322 07101800
00000323 02900800
00000324 03701000
00000325 06501700
00000326 02200600
00000327 02200600
00000328 05801500
00000329 05801500
00000330 03000800
00000331 06601700
00000332 06601700
00000333 05201300
00000334 08102100
00000335 03000800
00000336 03000800
00000337 02400600
00000338 03801000
00000339 06001500
00000340 06001500
00000341 05301400
00000342 06801700
00000343 07601900
00000344 06101600
00000345 06801700
00000346 08302100
00000347 06101600
00000348 04701200
00000349 04701200
00000350 02400600
00000351 07802000
00000352 07802000
00000353 08502200
00000354 03200800
00000355 04001000
00000356 06301600
00000357 04801200
00000358 07101800
00000359 03200800
00000360 03200800
00000361 02500700
00000362 03300900
00000363 08802200
00000364 06501700
00000365 02500700
00000366 04801200
00000367 08802200
00000368 04801200
00000369 07301900
00000370 07301900
00000371 02500700
00000372 05001300
00000373 07501900
00000374 02500700
00000375 01700500
00000376 05001300
00000377 02500700
00000378 06601700
00000379 09102300
00000380 05801500
00000381 07601900
00000382 09302400
00000383 06801700
00000384 07601900
00000385 02700700
00000386 09302400
00000387 06001500
00000388 07601900
00000389 06801700
00000390 01900500
00000391 01900500
00000392 09402400
00000393 03500900
00000394 09402400
00000395 07001800
00000396 06101600
00000397 04501200
00000398 08002000
00000399 09602400
00000400 03701000
00000401 05301400
00000402 01900500
00000403 07101800
00000404 02700700
00000405 05301400
00000406 09002300
00000407 09002300
00000408 06301600
00000409 06301600
00000410 08102100
00000411 03701000
00000412 05501400
00000413 07301900
00000414 09102300
00000415 04701200
00000416 10102600
00000417 01900500
00000418 10102600
00000419 08302100
00000420 09302400
00000421 02900800
00000422 08302100
00000423 09302400
00000424 04701200
00000425 09302400
00000426 05701500
00000427 09402400
00000428 05701500
00000429 04801200
00000430 08502200
00000431 09402400
00000432 10402600
00000433 02000500
00000434 08602200
00000435 03000800
00000436 05801500
00000437 06801700
00000438 03000800
00000439 03000800
00000440 02000500
00000441 09602400
00000442 05001300
00000443 08802200
00000444 07802000
00000445 06001500
00000446 02000500
00000447 07001800
00000448 06001500
00000449 03000800
00000450 04001000
00000451 04001000
00000452 04001000
00000453 03000800
00000454 02000500
00000455 07001800
00000456 04001000
00000457 08102100
00000458 07101800
00000459 08102100
00000460 11102800
00000461 07101800
00000462 06101600
00000463 11102800
00000464 09102300
00000465 03200800
00000466 04201100
00000467 05201300
00000468 11302900
00000469 05201300
00000470 06301600
00000471 11402900
00000472 05201300
00000473 11402900
00000474 10402600
00000475 11402900
00000476 05301400
00000477 11402900
00000478 08502200
00000479 09402400
00000480 02200600
00000481 03200800
00000482 04301100
00000483 07501900
00000484 04301100
00000485 06501700
00000486 04301100
00000487 06501700
00000488 03300900
00000489 10802700
00000490 04301100
00000491 04301100
00000492 07601900
00000493 11903000
00000494 05501400
00000495 04501200
00000496 04501200
00000497 07601900
00000498 07601900
00000499 03300900
00000500 02400600
00000501 03300900
00000502 05501400
00000503 05701500
00000504 02400600
00000505 03300900
00000506 06601700
00000507 06601700
00000508 04501200
00000509 03500900
00000510 05701500
00000511 07802000
00000512 04501200
00000513 08002000
00000514 02400600
00000515 09102300
00000516 04701200
00000517 04701200
00000518 05801500
00000519 05801500
00000520 04701200
00000521 08002000
00000522 07902000
00000523 10302600
00000524 08402100
00000525 11903000
00000526 03400900
00000527 12403100
00000528 09202300
00000529 11602900
00000530 04701200
00000531 10402600
00000532 12703200
00000533 10002500
00000534 04801200
00000535 04701200
00000536 12903300
00000537 12903300
00000538 11803000
00000539 06001500
00000540 02500700
00000541 03500900
00000542 11502900
00000543 06801700
00000544 12703200
00000545 02400600
00000546 02500700
00000547 03701000
00000548 08502201
00000549 06101601
00000550 09502401
00000551 10902801
00000552 03600901
00000553 05901501
00000554 10902801
00000555 10602701
00000556 05001301
00000557 12303101
00000558 12303101
00000559 03801001
00000560 11102801
00000561 06101601
00000562 02500701
00000563 11903001
00000564 02500701
00000565 07501901
00000566 02500701
00000567 03801001
00000568 06301601
00000569 12403101
00000570 08702201
00000571 08802201
00000572 05201301
00000573 08802201
00000574 13703501
00000575 06301601
00000576 10102601
00000577 05001301
00000578 07601901
00000579 03801001
00000580 11402901
00000581 05201301
00000582 02700701
00000583 12703201
00000584 09002301
00000585 11602901
00000586 12603201
00000587 12903301
00000588 12903301
00000589 12903301
00000590 04001002
00000591 11602902
00000592 04001002
00000593 04001002
00000594 09102302
00000595 05301402
00000596 09102302
00000597 13103302
00000598 06601702
00000599 14403602
00000600 10602702
00000601 02700702
00000602 10602702
00000603 13203302
00000604 10002502
00000605 10302602
00000606 04001002
00000607 08002002
00000608 13203302
00000609 12103102
00000610 12103103
00000611 09402403
00000612 14703703
00000613 12103103
00000614 10802703
00000615 09402403
00000616 12103103
00000617 10802703
00000618 09402403
00000619 09402403
00000620 08102103
00000621 12703203
00000622 05501403
00000623 10902803
00000624 15103803
00000625 15103803
00000626 02800703
00000627 10902803
00000628 12403103
00000629 09602403
00000630 12403104
00000631 11102804
00000632 11102804
00000633 08102104
00000634 10702704
00000635 08302104
00000636 05701504
00000637 13903504
00000638 13903504
00000639 02900804
00000640 12603204
00000641 09802504
00000642 12603204
00000643 15403904
00000644 05701504
00000645 09902504
00000646 11302904
00000647 15503904
00000648 04301104
00000649 04301104
00000650 11402904
00000651 11402904
00000652 15503904
00000653 03000804
00000654 08602204
00000655 03000805
00000656 03000805
00000657 08602205
00000658 11602905
00000659 15303905
00000660 15503905
00000661 11602905
00000662 10102605
00000663 13103305
00000664 03000805
00000665 05801505
00000666 04501205
00000667 06001505
00000668 06001505
00000669 16004005
00000670 08802205
00000671 04501205
00000672 08802205
00000673 07501905
00000674 03000805
00000675 16204105
00000676 15804005
00000677 11903005
00000678 02900805
00000679 03000805
00000680 16404106
00000681 13403406
00000682 11703006
00000683 03000806
00000684 16004006
00000685 03200806
00000686 03200806
00000687 04701206
00000688 12103106
00000689 16504206
00000690 04701206
00000691 15103806
00000692 10602706
00000693 15203806
00000694 10402606
00000695 12403106
00000696 03000806
00000697 16204106
00000698 04701206
00000699 09302406
00000700 15203806
00000701 10802706
00000702 12303106
00000703 10802706
00000704 15403906
00000705 15403906
00000706 12403106
00000707 13903506
00000708 13903506
00000709 12403106
00000710 15503906
00000711 12403107
00000712 10902807
00000713 12403107
00000714 17204307
00000715 10902807
00000716 17204307
00000717 04801207
00000718 12603207
00000719 11102807
00000720 03200807
00000721 14203607
00000722 11102807
00000723 14203607
00000724 15904007
00000725 04801207
00000726 12703207
00000727 03300907
00000728 06501707
00000729 14403607
00000730 11302907
00000731 06501707
00000732 06501707
00000733 08102107
00000734 14403607
00000735 08102107
00000736 08102107
00000737 08102107
00000738 06501707
00000739 03300907
00000740 06501707
00000741 06501707
00000742 17904507
00000743 14603707
00000744 17904507
00000745 16204107
00000746 06601707
00000747 16404107
00000748 18004507
00000749 18004507
00000750 11402908
00000751 06601708
00000752 16404108
00000753 04701208
00000754 04901308
00000755 13103308
00000756 09902508
00000757 16504208
00000758 14603708
00000759 13203308
00000760 11602908
00000761 10102608
00000762 16704208
00000763 03100809
00000764 16104109
00000765 14103609
00000766 10402609
00000767 06801709
00000768 05201309
00000769 14903809
00000770 11803009
00000771 11803009
00000772 03500909
00000773 10102609
00000774 08502209
00000775 04601209
00000776 07201809
00000777 10802709
00000778 13503409
00000779 09502409
00000780 12303109
00000781 09402409
00000782 17004309
00000783 14203609
00000784 14703710
00000785 04901310
00000786 11903010
00000787 05301410
00000788 05301410
00000789 10402610
00000790 15503910
00000791 17204310
00000792 03500910
00000793 17404410
00000794 03500910
00000795 19004810
00000796 13903510
00000797 12303110
00000798 10402610
00000799 19204810
00000800 12303110
00000801 19204810
00000802 12103110
00000803 12303110
00000804 12303110
00000805 17504410
00000806 17504410
00000807 19304910
00000808 12403110
00000809 15904010
00000810 14203610
00000811 10302610
00000812 09002310
00000813 14203610
00000814 09002310
00000815 09002310
00000816 19504910
00000817 17904510
00000818 10802710
00000819 03701010
00000820 12603210
00000821 10802710
00000822 03701010
00000823 12603210
00000824 07301910
00000825 05501410
00000826 16204110
00000827 18004510
00000828 18004510
00000829 05501410
00000830 16004010
00000831 09002310
00000832 07301910
00000833 07201811
00000834 03701011
00000835 16404111
00000836 07301911
00000837 18404611
00000838 18404611
00000839 03801011
00000840 16504211
00000841 14703711
00000842 11102811
00000843 05701511
00000844 07501911
00000845 20305111
00000846 11102811
00000847 09302411
00000848 16704211
00000849 03801011
00000850 13103311
00000851 11302911
00000852 11302911
00000853 14903811
00000854 03801011
00000855 14903811
00000856 16904311
00000857 20505211
00000858 14903812
00000859 13203312
00000860 03801012
00000861 11102812
00000862 05701512
00000863 07601912
00000864 18804712
00000865 05801512
00000866 05801512
00000867 05801512
00000868 03801012
00000869 20405112
00000870 09602412
00000871 17204312
00000872 13403412
00000873 16404112
00000874 03600912
00000875 03901012
00000876 15403912
00000877 15403912
00000878 13403412
00000879 13403412
00000880 17404412
00000881 05801512
00000882 07802012
00000883 09802512
00000884 17404412
00000885 11302912
00000886 03901012
00000887 15503912
00000888 09802512
00000889 19304912
00000890 09402413
00000891 09302413
00000892 11402913
00000893 11803013
00000894 17504413
00000895 09802513
00000896 14803713
00000897 19004813
00000898 15503913
00000899 19705013
00000900 21605413
00000901 21605413
00000902 17704513
00000903 15704013
00000904 19705013
00000905 04001013
00000906 15904013
00000907 15904013
00000908 15904013
00000909 08002013
00000910 09602413
00000911 13603414
00000912 09902514
00000913 14103614
00000914 22005514
00000915 08102114
00000916 22005514
00000917 06101614
00000918 04201114
00000919 08102114
00000920 22105614
00000921 09902514
00000922 18204614
00000923 12103114
00000924 20205114
00000925 12103114
00000926 22105614
00000927 16204114
00000928 12303114
00000929 14103614
00000930 16204115
00000931 10302615
00000932 16404115
00000933 14203615
00000934 04201115
00000935 12303115
00000936 14403615
00000937 20505215
00000938 03801015
00000939 08302115
00000940 08302115
00000941 14203615
00000942 18504715
00000943 14403615
00000944 06301615
00000945 20705215
00000946 22605715
00000947 08302115
00000948 22805715
00000949 22805715
00000950 18704715
00000951 06301615
00000952 14603716
00000953 12603216
00000954 18704716
00000955 14603716
00000956 06301616
00000957 16704216
00000958 06201616
00000959 14703716
00000960 06301616
00000961 23005816
00000962 06301616
00000963 18804716
00000964 12703216
00000965 06501716
00000966 10602716
00000967 04301116
00000968 06401616
00000969 14903816
00000970 12703216
00000971 12703216
00000972 04301116
00000973 10602716
00000974 06401616
00000975 10802716
00000976 12703216
00000977 06501716
00000978 21305416
00000979 10802716
00000980 08602216
00000981 15103816
00000982 17204316
00000983 19304916
00000984 23605916
00000985 10802716
00000986 08602216
00000987 04301116
00000988 23605916
00000989 14503716
00000990 16904317
00000991 08702217
00000992 17404417
00000993 23806017
00000994 06401617
00000995 06601717
00000996 04501217
00000997 13103317
00000998 10902817
00000999 06601717
00001000 06601717
00001001 24006017
00001002 19705017
00001003 13203317
00001004 13203317
00001005 24106117
00001006 19805017
00001007 22005517
00001008 04501217
00001009 15403917
00001010 09002317
00001011 09002317
00001012 09002317
00001013 04501217
00001014 09002317
00001015 09002317
00001016 13403417
00001017 13403417
00001018 13203317
00001019 15503917
00001020 09002317
00001021 09002317
00001022 22305617
00001023 22305617
00001024 06801717
00001025 24606217
00001026 06801717
00001027 06801717
00001028 18004517
00001029 12903318
00001030 15203818
00001031 20205118
00001032 15704018
00001033 09102318
00001034 11302918
00001035 04701218
00001036 06801718
00001037 06801718
00001038 22605718
00001039 11302918
00001040 22605718
00001041 09102318
00001042 22605718
00001043 07001818
00001044 11402918
00001045 04701218
00001046 16004018
00001047 24306118
00001048 18304618
00001049 25106318
00001050 13703518
00001051 23005819
00001052 07201819
00001053 07401919
00001054 21505419
00001055 09602419
00001056 11903019
00001057 04101119
00001058 20705219
00001059 09002319
00001060 20505219
00001061 13903519
00001062 07001819
00001063 09002319
00001064 22905819
00001065 16404119
00001066 13103319
00001067 09402419
00001068 18704719
00001069 11803020
00001070 16404120
00001071 18704720
00001072 21005320
00001073 16404120
00001074 25806520
00001075 09402420
00001076 16504220
00001077 11502920
00001078 09802520
00001079 12103120
00001080 16604220
00001081 21805520
00001082 13403420
00001083 22605720
00001084 09602420
00001085 11903020
00001086 11903020
00001087 23605920
00001088 14203620
00001089 09602420
00001090 04801220
00001091 11903020
00001092 18604720
00001093 09602420
00001094 16704220
00001095 16704220
00001096 21505420
00001097 04801220
00001098 26306620
00001099 16904320
00001100 16904320
00001101 14403620
00001102 12103120
00001103 14603720
00001104 05001320
00001105 12103120
00001106 26406620
00001107 21605420
00001108 26606721
00001109 09802521
00001110 12103121
00001111 21805521
00001112 04801221
00001113 23906021
00001114 21805521
00001115 17004321
00001116 12303121
00001117 07301921
00001118 10402621
00001119 23605921
00001120 11002821
00001121 17704521
00001122 08902321
00001123 09402421
00001124 23405921
00001125 24106121
00001126 26906821
00001127 22105621
00001128 05001321
00001129 24606221
00001130 14903821
00001131 22105621
00001132 09902521
00001133 22305621
00001134 12403121
00001135 14903821
00001136 09902521
00001137 09902521
00001138 14903821
00001139 14903821
00001140 17404422
00001141 27406922
00001142 07601922
00001143 22505722
00001144 22505722
00001145 27406922
00001146 14903822
00001147 12603222
00001148 10102622
00001149 25106322
00001150 10102622
00001151 17504422
00001152 20205122
00001153 17504422
00001154 27606922
00001155 15203822
00001156 12603222
00001157 25306422
00001158 12703222
00001159 17704522
00001160 20305122
00001161 22805722
00001162 15203822
00001163 27506923
00001164 09402423
00001165 14503723
00001166 17904523
00001167 27907023
00001168 05201323
00001169 07601923
00001170 11302923
00001171 23005823
00001172 07802023
00001173 15103823
00001174 15303923
00001175 05001324
00001176 17704524
00001177 28107124
00001178 12903324
00001179 23105824
00001180 28207124
00001181 20705224
00001182 18004524
00001183 22305624
00001184 12603224
00001185 15403924
00001186 12903324
00001187 25906524
00001188 12603224
00001189 20605224
00001190 13103324
00001191 07802024
00001192 13103324
00001193 23505924
00001194 10402624
00001195 28607224
00001196 15704024
00001197 26106624
00001198 26106624
00001199 21005324
00001200 28707224
00001201 13103324
00001202 13203324
00001203 10602724
00001204 05301424
00001205 05201324
00001206 13103324
00001207 18504724
00001208 08002024
00001209 26306625
00001210 18504725
00001211 10602725
00001212 21205325
00001213 10402625
00001214 29107325
00001215 29107325
00001216 26406625
00001217 10802725
00001218 24006025
00001219 13403425
00001220 26606725
00001221 05501425
00001222 18704725
00001223 13403425
00001224 27406925
00001225 23005825
00001226 15003825
00001227 21005325
00001228 18804725
00001229 18804725
00001230 10802725
00001231 24106125
00001232 26806725
00001233 26906825
00001234 08102125
00001235 26906826
00001236 26906826
00001237 21605426
00001238 21605426
00001239 29707526
00001240 18404626
00001241 08102126
00001242 08102126
00001243 08302126
00001244 13603426
00001245 05301426
00001246 13603426
00001247 13603426
00001248 16404126
00001249 05401426
00001250 24506226
00001251 16404126
00001252 13703526
00001253 10902826
00001254 24606226
00001255 16504226
00001256 30107626
00001257 13703526
00001258 05701526
00001259 24606226
00001260 24506226
00001261 17704526
00001262 16504226
00001263 24806226
00001264 13903526
00001265 24206126
00001266 24806226
00001267 08302126
00001268 16704226
00001269 13403427
00001270 05501427
00001271 30307627
00001272 22105627
00001273 13903527
00001274 11302927
00001275 08502227
00001276 19504927
00001277 25106327
00001278 19504927
00001279 30607727
00001280 05701527
00001281 11302927
00001282 14103627
00001283 14103627
00001284 16904327
00001285 11302927
00001286 25306427
00001287 14103627
00001288 25306427
00001289 05701527
00001290 05701527
00001291 22505727
00001292 19705028
00001293 19204828
00001294 19805028
00001295 05301428
00001296 20305128
00001297 10502728
00001298 08002028
00001299 05601428
00001300 26606728
00001301 13703528
00001302 08602228
00001303 17004328
00001304 22805728
00001305 20005028
00001306 22405628
00001307 14203628
00001308 14203628
00001309 08602228
00001310 11402928
00001311 14403629
00001312 14403629
00001313 25806529
00001314 28207129
00001315 31507929
00001316 08602229
00001317 25806529
00001318 11402929
00001319 28707229
00001320 25906529
00001321 20205129
00001322 17404429
00001323 17404429
00001324 14603729
00001325 08802229
00001326 17404429
00001327 30607729
00001328 17104329
00001329 24506229
00001330 08802229
00001331 17504430
00001332 06001530
00001333 11803030
00001334 29107330
00001335 29107330
00001336 29107330
00001337 17504430
00001338 08802230
00001339 14703730
00001340 20505230
00001341 20505230
00001342 23505930
00001343 06001530
00001344 11803030
00001345 17704530
00001346 31808030
00001347 20505230
00001348 14703730
00001349 16204130
00001350 16404130
00001351 09002330
00001352 08802230
00001353 06001530
00001354 24906330
00001355 16804230
00001356 11502930
00001357 17804531
00001358 23605931
00001359 28107131
00001360 08602231
00001361 26706731
00001362 11903031
00001363 17904531
00001364 06001531
00001365 05701531
00001366 16704231
00001367 05701531
00001368 26406631
00001369 24006031
00001370 15103831
00001371 16104131
00001372 08402131
00001373 30707731
00001374 19905031
00001375 23105831
00001376 20905331
00001377 24006031
00001378 09102331
00001379 30107631
00001380 06101632
00001381 27106832
00001382 09002332
00001383 09102332
00001384 30107632
00001385 09002332
00001386 30207632
00001387 12103132
00001388 21205332
00001389 18204632
00001390 12303132
00001391 30207632
00001392 15203832
00001393 18204632
00001394 18204632
00001395 15203832
00001396 24306132
00001397 33508432
00001398 21305432
00001399 21305432
00001400 21305432
00001401 30607732
00001402 06101632
00001403 30607732
00001404 00154100
00001405 27606932
00001406 24506232
00001407 24606232
00001408 15403932
00001409 06301632
00001410 27006832
00001411 24606232
00001412 27707032
00001413 06201632
00001414 32908332
00001415 27406932
00001416 08902332
00001417 27106832
00001418 00454100
00001419 30907832
00001420 15503932
00001421 09402432
00001422 27907032
00001423 27907032
00001424 27907032
00001425 15403932
00001426 12603232
00001427 24906332
00001428 12603232
00001429 31007832
00001430 09402432
00001431 28107132
00001432 31207832
00001433 09402433
00001434 31207833
00001435 31207833
00001436 06301633
00001437 25106333
00001438 18804733
00001439 18804733
00001440 25106333
00001441 15704033
00001442 12603233
00001443 25106333
00001444 18804733
00001445 09502433
00001446 15904033
00001447 22105633
00001448 09602433
00001449 15203833
00001450 24506233
00001451 19004833
00001452 25306433
00001453 21905533
00001454 15904034
00001455 25406434
00001456 31708034
00001457 31708034
00001458 12703234
00001459 09502434
00001460 25406434
00001461 15704034
00001462 06501734
00001463 19204834
00001464 28707234
00001465 31908034
00001466 19204834
00001467 01654402
00001468 22505734
00001469 09602434
00001470 22505734
00001471 16004035
00001472 19304935
00001473 28907335
00001474 00654203
00001475 30507735
00001476 09502435
00001477 15904035
00001478 25806535
00001479 12903335
00001480 32208135
00001481 12903335
00001482 32208135
00001483 25906535
00001484 29107335
00001485 13103335
00001486 13103335
00001487 22605735
00001488 06401635
00001489 18904836
00001490 32408136
00001491 32508236
00001492 06601736
00001493 02154604
00001494 19504936
00001495 02254604
00001496 29407436
00001497 02254604
00001498 32508236
00001499 19705036
00001500 13103336
00001501 26106636
00001502 06601736
00001503 26306636
00001504 16404136
00001505 02454604
00001506 29107336
00001507 19705036
00001508 19705036
00001509 16504237
00001510 32908337
00001511 12903337
00001512 29507437
00001513 29707537
00001514 09902537
00001515 19805037
00001516 02754705
00001517 16504237
00001518 09902537
00001519 09602437
00001520 06601737
00001521 13403437
00001522 02954805
00001523 13403437
00001524 10102637
00001525 16704237
00001526 10102637
00001527 06801737
00001528 20005037
00001529 10102637
00001530 30107637
00001531 25406438
00001532 30107638
00001533 30107638
00001534 22605738
00001535 16304138
00001536 26806738
00001537 13303438
00001538 03254806
00001539 16904338
00001540 23505938
00001541 33508438
00001542 23505938
00001543 20205138
00001544 23605938
00001545 33008338
00001546 06801738
00001547 26906838
00001548 13603438
00001549 16904338
00001550 30407638
00001551 13603438
00001552 23305938
00001553 00254106
00001554 20305138
00001555 27106838
00001556 17004338
00001557 30607738
00001558 30107638
00001559 00454106
00001560 07001838
00001561 20505238
00001562 27306938
00001563 07001838
00001564 17004338
00001565 10302638
00001566 24006038
00001567 03054806
00001568 17204339
00001569 20505239
00001570 13703539
00001571 07001839
00001572 20705239
00001573 07001839
00001574 20705239
00001575 10402639
00001576 00754207
00001577 20705239
00001578 30907839
00001579 13903539
00001580 07001839
00001581 16704240
00001582 17104340
00001583 15303940
00001584 13403440
00001585 09202340
00001586 09402440
00001587 23505940
00001588 07301940
00001589 07501940
00001590 01154308
00001591 13903540
00001592 31207840
00001593 20805240
00001594 20805240
00001595 06201640
00001596 25306440
00001597 02754708
00001598 10302640
00001599 10102640
00001600 17104340
00001601 21005340
00001602 14103640
00001603 07101840
00001604 27907040
00001605 01454408
00001606 10302640
00001607 28107140
00001608 24606240
00001609 10602740
00001610 10602740
00001611 24606240
00001612 31507940
00001613 31507940
00001614 07101841
00001615 21205341
00001616 14203641
00001617 21205341
00001618 20805241
00001619 17704541
00001620 31708041
00001621 14203641
00001622 31708041
00001623 21305441
00001624 01154309
00001625 10802741
00001626 21305441
00001627 21305441
00001628 07101841
00001629 28407141
00001630 01954509
00001631 28407141
00001632 14203641
00001633 07101841
00001634 27907041
00001635 07101841
00001636 07201841
00001637 04055009
00001638 02154609
00001639 32008041
00001640 07301941
00001641 05755510
00001642 21505442
00001643 07301942
00001644 05755510
00001645 32208142
00001646 21505442
00001647 18004542
00001648 10902842
00001649 02254610
00001650 02254610
00001651 05955511
00001652 14403643
00001653 28707243
00001654 25306443
00001655 07301943
00001656 06055511
00001657 07301943
00001658 32508243
00001659 14603743
00001660 02654711
00001661 23806043
00001662 01254311
00001663 14203643
00001664 32208143
00001665 29107343
00001666 14603743
00001667 06355611
00001668 25406443
00001669 14603743
00001670 32708243
00001671 02754711
00001672 21805543
00001673 11102843
00001674 01454411
00001675 18104643
00001676 02954811
00001677 22005544
00001678 02954812
00001679 14703744
00001680 22005544
00001681 29207344
00001682 18404644
00001683 29407444
00001684 14703744
00001685 03154812
00001686 26306644
00001687 10702744
00001688 05601444
00001689 25406444
00001690 17204344
00001691 06101644
00001692 12603244
00001693 19104844
00001694 13303444
00001695 10102644
00001696 13803544
00001697 27206844
00001698 10502744
00001699 05255312
00001700 06555712
00001701 07501944
00001702 33408444
00001703 18504744
00001704 11302944
00001705 33408444
00001706 03554912
00001707 14903844
00001708 11302944
00001709 29707545
00001710 22305645
00001711 25806545
00001712 15103845
00001713 07355913
00001714 18704745
00001715 33508445
00001716 00154113
00001717 22505745
00001718 11302945
00001719 07601945
00001720 11302945
00001721 00154113
00001722 07601945
00001723 22505745
00001724 11402945
00001725 18804745
00001726 00254113
00001727 18804745
00001728 07756013
00001729 04055013
00001730 22605745
00001731 07601945
00001732 04055014
00001733 13603446
00001734 17704546
00001735 14403646
00001736 08056014
00001737 19004846
00001738 22805746
00001739 18704746
00001740 08056014
00001741 07601946
00001742 07601946
00001743 22805746
00001744 08256114
00001745 22805746
00001746 11402946
00001747 04455114
00001748 04455114
00001749 15403946
00001750 04555214
00001751 11602946
00001752 08356115
00001753 11602947
00001754 26806747
00001755 15403947
00001756 30207647
00001757 23906047
00001758 31307947
00001759 24606247
00001760 19204847
00001761 11602947
00001762 04155115
00001763 23105847
00001764 26906847
00001765 11602947
00001766 22005547
00001767 25206347
00001768 19905047
00001769 11703047
00001770 06201647
00001771 24006047
00001772 11502947
00001773 06001547
00001774 06101647
00001775 15303947
00001776 25906547
00001777 16604248
00001778 17504448
00001779 28507248
00001780 31107848
00001781 21105348
00001782 02554716
00001783 31007848
00001784 25806548
00001785 27306948
00001786 07802048
00001787 11502948
00001788 08002048
00001789 01454417
00001790 05455417
00001791 23505949
00001792 09356417
00001793 31207849
00001794 05455417
00001795 31207849
00001796 08002049
00001797 31407949
00001798 19705049
00001799 01654417
00001800 05555417
00001801 19705049
00001802 19705049
00001803 08002049
00001804 31407949
00001805 31407949
00001806 27606949
00001807 15904049
00001808 09656417
00001809 05755517
00001810 09656417
00001811 01954517
00001812 15904049
00001813 01954518
00001814 27206850
00001815 01954518
00001816 15904050
00001817 05955518
00001818 08002050
00001819 19805050
00001820 27707050
00001821 10056518
00001822 10056518
00001823 31708050
00001824 01754518
00001825 02254618
00001826 20005050
00001827 02254618
00001828 20005050
00001829 31908050
00001830 24006050
00001831 12003050
00001832 16004050
00001833 04901350
00001834 12303150
00001835 25306450
00001836 26506750
00001837 27306951
00001838 05701551
00001839 31107851
00001840 28907351
00001841 32408151
00001842 30307651
00001843 09502451
00001844 32308151
00001845 27807051
00001846 07201851
00001847 11002851
00001848 22405651
00001849 11502951
00001850 31107851
00001851 08756219
00001852 15804051
00001853 28007051
00001854 06755719
00001855 10856719
00001856 24306151
00001857 19805051
00001858 10856719
00001859 10856719
00001860 11056819
00001861 28407151
00001862 08102151
00001863 20305151
00001864 28407151
00001865 28407151
00001866 12303151
00001867 28407151
00001868 28407151
00001869 24506251
00001870 28607251
00001871 20505251
00001872 20505251
00001873 20505251
00001874 24506251
00001875 24506251
00001876 11356919
00001877 03254819
00001878 28607252
00001879 28607252
00001880 07355920
00001881 20505252
00001882 28707252
00001883 16404152
00001884 07355920
00001885 28707252
00001886 20705252
00001887 16104152
00001888 07555920
00001889 16504252
00001890 12403152
00001891 11656920
00001892 07555920
00001893 20705252
00001894 19504952
00001895 27006852
00001896 08302152
00001897 24806252
00001898 12403152
00001899 28907352
00001900 07756020
00001901 07856021
00001902 07856021
00001903 24906353
00001904 12603253
00001905 29107353
00001906 07856021
00001907 20405153
00001908 16704253
00001909 29107353
00001910 08056021
00001911 16704253
00001912 08056021
00001913 29207353
00001914 24806253
00001915 08056021
00001916 08202153
00001917 03955021
00001918 08502254
00001919 08502254
00001920 16604254
00001921 21005354
00001922 08502254
00001923 08502254
00001924 33508454
00001925 21005354
00001926 04055022
00001927 33508454
00001928 12457122
00001929 08356122
00001930 10402654
00001931 07301954
00001932 29807554
00001933 11602954
00001934 23305954
00001935 07902054
00001936 32108154
00001937 23806054
00001938 29607454
00001939 08602254
00001940 12703255
00001941 27006855
00001942 15804055
00001943 10256623
00001944 21005355
00001945 08756223
00001946 04555223
00001947 28607255
00001948 04855223
00001949 09356423
00001950 00454123
00001951 08502255
00001952 17004355
00001953 00054023
00001954 17004355
00001955 08502255
00001956 12903355
00001957 13357423
00001958 09056323
00001959 17004355
00001960 08602255
00001961 12903355
00001962 17204355
00001963 09256323
00001964 17204355
00001965 09256323
00001966 09256323
00001967 12903356
00001968 17204356
00001969 30107656
00001970 12703256
00001971 30107656
00001972 21505456
00001973 00754224
00001974 25806556
00001975 00754224
00001976 00754224
00001977 21605456
00001978 13103356
00001979 25906556
00001980 25906556
00001981 13857524
00001982 00954324
00001983 00954324
00001984 30207656
00001985 09656424
00001986 09656424
00001987 09656424
00001988 09656424
00001989 01154324
00001990 13103356
00001991 09656424
00001992 05455424
00001993 21805557
00001994 01154325
00001995 08302157
00001996 25306457
00001997 04855225
00001998 21805557
00001999 01254325
00002000 26106657
00002001 01254325
00002002 17304457
00002003 05755525
00002004 17104357
00002005 09656425
00002006 21805557
00002007 14457625
00002008 25606457
00002009 05755525
00002010 30707757
00002011 10156625
00002012 01454425
00002013 17504457
00002014 05955525
00002015 26406657
00002016 09002357
00002017 29807557
00002018 26106657
00002019 09002357
00002020 26406657
00002021 30907858
00002022 09856526
00002023 13003358
00002024 13103358
00002025 06055526
00002026 20605258
00002027 29207358
00002028 00954326
00002029 10556726
00002030 22105658
00002031 08902358
00002032 31007858
00002033 06255626
00002034 09002358
00002035 06255626
00002036 10656726
00002037 27807058
00002038 03454926
00002039 15103858
00002040 15503958
00002041 23505958
00002042 16004058
00002043 11602958
00002044 07655926
00002045 12703258
00002046 29207358
00002047 09456426
00002048 15457926
00002049 15457926
00002050 15457926
00002051 22305658
00002052 06555726
00002053 15657926
00002054 02254626
00002055 11156826
00002056 11156826
00002057 09102358
00002058 31407959
00002059 26906859
00002060 11156827
00002061 09102359
00002062 06855727
00002063 31407959
00002064 11356927
00002065 06855727
00002066 31507959
00002067 02454627
00002068 27106859
00002069 22605759
00002070 09102359
00002071 07055827
00002072 14857727
00002073 18104659
00002074 09102359
00002075 16158127
00002076 02654727
00002077 31708059
00002078 11656927
00002079 31708059
00002080 01554427
00002081 15657927
00002082 10156627
00002083 31307959
00002084 08902359
00002085 27306959
00002086 22505759
00002087 16258127
00002088 02754727
00002089 09102359
00002090 31908059
00002091 07355927
00002092 13603459
00002093 27406959
00002094 18404659
00002095 16658227
00002096 13703559
00002097 07555927
00002098 07555927
00002099 02954827
00002100 21705559
00002101 15657927
00002102 32008060
00002103 27406960
00002104 23005860
00002105 32008060
00002106 27606960
00002107 16258128
00002108 18404660
00002109 27606960
00002110 27606960
00002111 09302460
00002112 23005860
00002113 18504760
00002114 02854728
00002115 32208160
00002116 16458128
00002117 13303460
00002118 27206860
00002119 32408160
00002120 18504760
00002121 09302460
00002122 27707060
00002123 23105860
00002124 03454928
00002125 08056028
00002126 27707061
00002127 09302461
00002128 03454929
00002129 23305961
00002130 03554929
00002131 13803561
00002132 18704761
00002133 23305961
00002134 12857229
00002135 32508261
00002136 09402461
00002137 27907061
00002138 32508261
00002139 27907061
00002140 12957329
00002141 17658429
00002142 28107161
00002143 23305961
00002144 27707061
00002145 09402461
00002146 13157329
00002147 21205361
00002148 17304461
00002149 31107862
00002150 09302462
00002151 03955030
00002152 08556230
00002153 06455630
00002154 17958530
00002155 23505962
00002156 03955030
00002157 32908362
00002158 23505962
00002159 28207162
00002160 09402462
00002161 14203662
00002162 04055030
00002163 18604762
00002164 04055030
00002165 04055030
00002166 18258630
00002167 04255130
00002168 09602462
00002169 28107162
00002170 09602462
00002171 09602462
00002172 04255130
00002173 32208162
00002174 33008362
00002175 19004862
00002176 09056330
00002177 23806062
00002178 09056330
00002179 18558730
00002180 09602462
00002181 18558730
00002182 33208362
00002183 09256330
00002184 04455130
00002185 04455130
00002186 14403662
00002187 19204862
00002188 23806063
00002189 04555231
00002190 09356431
00002191 24006063
00002192 14157631
00002193 33408463
00002194 09356431
00002195 28707263
00002196 14403663
00002197 09556431
00002198 23706063
00002199 24006064
00002200 24006064
00002201 24006064
00002202 14503764
00002203 05455432
00002204 07601964
00002205 07255832
00002206 20805264
00002207 05855532
00002208 20405164
00002209 08402164
00002210 12557232
00002211 25706564
00002212 09002365
00002213 07455933
00002214 14603765
00002215 14657733
00002216 24106165
00002217 28907365
00002218 14603765
00002219 09856533
00002220 14603765
00002221 09802565
00002222 19304965
00002223 19558933
00002224 33108365
00002225 09702565
00002226 00254133
00002227 14857733
00002228 10056533
00002229 14957833
00002230 14603765
00002231 19504965
00002232 19504965
00002233 05255333
00002234 29207365
00002235 29207365
00002236 05455433
00002237 10156633
00002238 29207365
00002239 19959034
00002240 15157834
00002241 29207366
00002242 24506266
00002243 09902566
00002244 14703766
00002245 07956034
00002246 05555434
00002247 32008066
00002248 22305666
00002249 14703766
00002250 00754234
00002251 29407466
00002252 24606266
00002253 01554434
00002254 25506466
00002255 07501966
00002256 07802066
00002257 12803266
00002258 14157634
00002259 20459135
00002260 14903867
00002261 14903867
00002262 14903867
00002263 00954335
00002264 10656735
00002265 00954335
00002266 09902567
00002267 24806267
00002268 24806268
00002269 29707568
00002270 00954336
00002271 24806268
00002272 15758036
00002273 09902568
00002274 01154336
00002275 14903868
00002276 11056836
00002277 01154336
00002278 15958036
00002279 24806268
00002280 20959336
00002281 24906368
00002282 11156836
00002283 20005068
00002284 15103868
00002285 01254336
00002286 24906368
00002287 22605768
00002288 15657936
00002289 24906368
00002290 20005068
00002291 21259336
00002292 01454436
00002293 29907568
00002294 01454436
00002295 30107668
00002296 21459436
00002297 11356936
00002298 10102668
00002299 30107668
00002300 13703569
00002301 27707069
00002302 04155137
00002303 17204369
00002304 05755537
00002305 30107669
00002306 01654437
00002307 11656937
00002308 10102669
00002309 25106369
00002310 10102669
00002311 21759538
00002312 11656938
00002313 11656938
00002314 25306470
00002315 10102670
00002316 20205170
00002317 06755738
00002318 30207670
00002319 10302670
00002320 10302670
00002321 06255638
00002322 20305170
00002323 11857038
00002324 20305170
00002325 12057038
00002326 25306470
00002327 20305170
00002328 30407670
00002329 25406470
00002330 07055838
00002331 12057038
00002332 09802570
00002333 05855538
00002334 15203870
00002335 17258339
00002336 10302671
00002337 10556739
00002338 02154639
00002339 20505271
00002340 10302671
00002341 12357139
00002342 15203871
00002343 21259339
00002344 28407171
00002345 00254139
00002346 19805071
00002347 22059539
00002348 25606471
00002349 16658239
00002350 15403971
00002351 02254639
00002352 05355439
00002353 01854539
00002354 20505271
00002355 22759739
00002356 20505271
00002357 07555939
00002358 25806571
00002359 12857239
00002360 15003871
00002361 22859739
00002362 17758540
00002363 20705272
00002364 12657240
00002365 23059840
00002366 20705272
00002367 10402672
00002368 07756040
00002369 22459640
00002370 20705272
00002371 23259840
00002372 07756040
00002373 31007872
00002374 10402672
00002375 20705272
00002376 15503972
00002377 20805272
00002378 25906572
00002379 30707772
00002380 20805272
00002381 12957340
00002382 10402672
00002383 23359940
00002384 20805272
00002385 31207872
00002386 10402672
00002387 02754740
00002388 10402672
00002389 26106672
00002390 02954840
00002391 31207872
00002392 31207872
00002393 26106672
00002394 18458641
00002395 21005373
00002396 02954841
00002397 10602773
00002398 21005373
00002399 15704073
00002400 15704073
00002401 31407973
00002402 21005373
00002403 23860041
00002404 10602773
00002405 26306673
00002406 15704073
00002407 26306673
00002408 12957341
00002409 03154841
00002410 18758741
00002411 10602773
00002412 31507973
00002413 10502773
00002414 24260141
00002415 08556241
00002416 08556241
00002417 24260141
00002418 26406673
00002419 24260141
00002420 31507973
00002421 24360141
00002422 26406673
00002423 19058841
00002424 31708073
00002425 15904073
00002426 21205373
00002427 24560241
00002428 26406673
00002429 30707773
00002430 26406673
00002431 31708073
00002432 15904074
00002433 03554942
00002434 26606774
00002435 26006574
00002436 10802774
00002437 08856242
00002438 14157642
00002439 19458942
00002440 16004074
00002441 14157642
00002442 19558942
00002443 03554942
00002444 24860242
00002445 24860242
00002446 32008074
00002447 03755042
00002448 10802774
00002449 14357642
00002450 32008074
00002451 29307474
00002452 06455642
00002453 12357142
00002454 32008074
00002455 26806774
00002456 10802774
00002457 14457642
00002458 32008074
00002459 26806774
00002460 16204174
00002461 14657742
00002462 14657742
00002463 32208174
00002464 03955042
00002465 21505474
00002466 20059042
00002467 04055042
00002468 25560442
00002469 14857743
00002470 04055043
00002471 21605475
00002472 32408175
00002473 04055043
00002474 10902875
00002475 26906875
00002476 09056343
00002477 32408175
00002478 20259143
00002479 09556443
00002480 16204175
00002481 04255143
00002482 21605475
00002483 10902875
00002484 32508275
00002485 15157843
00002486 27106875
00002487 04255143
00002488 09656443
00002489 15157843
00002490 20559243
00002491 26060543
00002492 15157843
00002493 19859043
00002494 32508275
00002495 21805575
00002496 10902875
00002497 32708275
00002498 26160644
00002499 26160644
00002500 16404176
00002501 02154644
00002502 21805576
00002503 04555244
00002504 10902876
00002505 21805576
00002506 09702576
00002507 20259144
00002508 17258344
00002509 10802776
00002510 15657944
00002511 26560744
00002512 04755244
00002513 11102876
00002514 26560744
00002515 10902876
00002516 24860244
00002517 30807776
00002518 13357444
00002519 04755244
00002520 22005576
00002521 04955344
00002522 32108176
00002523 25960544
00002524 27406976
00002525 11102876
00002526 27306976
00002527 08656244
00002528 32208176
00002529 21905576
00002530 11256844
00002531 09956544
00002532 20359145
00002533 15303977
00002534 33008377
00002535 21805577
00002536 05055345
00002537 33208377
00002538 16704277
00002539 27606977
00002540 16158145
00002541 11757045
00002542 25106377
00002543 19805077
00002544 10102677
00002545 29907577
00002546 29007377
00002547 15003878
00002548 21959546
00002549 15804078
00002550 19558946
00002551 16204178
00002552 26960846
00002553 05455446
00002554 22305678
00002555 33408478
00002556 05455446
00002557 16458146
00002558 11302978
00002559 22305678
00002560 27660946
00002561 11302978
00002562 27660946
00002563 27660947
00002564 16504279
00002565 33508479
00002566 16904379
00002567 27861047
00002568 11302979
00002569 22505779
00002570 22505779
00002571 16758247
00002572 22505779
00002573 16758247
00002574 22505779
00002575 28107179
00002576 22505779
00002577 11356947
00002578 00154147
00002579 16604279
00002580 09802579
00002581 24706279
00002582 30307679
00002583 28161147
00002584 22559748
00002585 22759748
00002586 05955548
00002587 05955548
00002588 05955548
00002589 22759748
00002590 17158348
00002591 00254148
00002592 21259348
00002593 17158348
00002594 05955548
00002595 16604280
00002596 28107180
00002597 22859748
00002598 11402980
00002599 28207180
00002600 22605780
00002601 28407180
00002602 28407180
00002603 03554948
00002604 22205680
00002605 05755548
00002606 11402980
00002607 00454148
00002608 16704281
00002609 00454149
00002610 06255649
00002611 28407181
00002612 28861249
00002613 16904381
00002614 00654249
00002615 28961349
00002616 28961349
00002617 11402981
00002618 05455449
00002619 12057049
00002620 23359949
00002621 22805781
00002622 28607281
00002623 23559949
00002624 17204381
00002625 23559949
00002626 17204381
00002627 12157149
00002628 29361449
00002629 22705781
00002630 23005881
00002631 17204381
00002632 17958549
00002633 06555749
00002634 12357149
00002635 29461449
00002636 11602982
00002637 23760050
00002638 00954350
00002639 28707282
00002640 28207182
00002641 17304482
00002642 18158650
00002643 00954350
00002644 06755750
00002645 17404482
00002646 00954350
00002647 00954350
00002648 28907382
00002649 16004082
00002650 16404182
00002651 28507282
00002652 28907382
00002653 12657250
00002654 28907382
00002655 17858550
00002656 01154350
00002657 06855750
00002658 06855750
00002659 28907382
00002660 18458650
00002661 18558750
00002662 18558750
00002663 12857250
00002664 20205183
00002665 02254651
00002666 13457451
00002667 31808083
00002668 32608283
00002669 27707083
00002670 24260151
00002671 18758751
00002672 07255851
00002673 18758751
00002674 27707083
00002675 22605783
00002676 11803083
00002677 18158651
00002678 12957351
00002679 00954351
00002680 23359951
00002681 30461651
00002682 30661751
00002683 01454451
00002684 07355952
00002685 29207384
00002686 29207384
00002687 23505984
00002688 24860252
00002689 24860252
00002690 19058852
00002691 19058852
00002692 25060352
00002693 01654452
00002694 07555952
00002695 23505984
00002696 11803084
00002697 23505984
00002698 18658752
00002699 01754552
00002700 13457452
00002701 19258852
00002702 29407484
00002703 29407484
00002704 01754552
00002705 13457452
00002706 07756052
00002707 01754552
00002708 13457452
00002709 17704584
00002710 11903084
00002711 13657452
00002712 29607484
00002713 11903084
00002714 23605984
00002715 11903085
00002716 07856053
00002717 07856053
00002718 01954553
00002719 29607485
00002720 12557253
00002721 23806085
00002722 23806085
00002723 13857553
00002724 25660453
00002725 18058553
00002726 25360453
00002727 21559453
00002728 29861553
00002729 19258853
00002730 02154654
00002731 19959054
00002732 01154354
00002733 31561954
00002734 11903086
00002735 25860554
00002736 25860554
00002737 08256154
00002738 29907586
00002739 14157654
00002740 31962054
00002741 08256154
00002742 24006086
00002743 02254654
00002744 08256154
00002745 08256154
00002746 02254654
00002747 12103186
00002748 24006086
00002749 32162154
00002750 08356154
00002751 12103187
00002752 29907587
00002753 32262155
00002754 26360655
00002755 18004587
00002756 14457655
00002757 20459156
00002758 24106188
00002759 26360656
00002760 14457656
00002761 26560756
00002762 19458956
00002763 18204688
00002764 26560756
00002765 26560756
00002766 32662256
00002767 26560756
00002768 07856056
00002769 02654756
00002770 02654756
00002771 02654756
00002772 24106188
00002773 26660756
00002774 26660756
00002775 20759256
00002776 08756256
00002777 03054856
00002778 10902888
00002779 19358956
00002780 14857756
00002781 20959357
00002782 12303189
00002783 32962357
00002784 20959357
00002785 32962357
00002786 24306189
00002787 03855057
00002788 19058857
00002789 01854557
00002790 08256157
00002791 02954857
00002792 30407689
00002793 30407689
00002794 21059357
00002795 30407689
00002796 30407689
00002797 33262357
00002798 18404689
00002799 27360957
00002800 30607789
00002801 21259357
00002802 30607789
00002803 21259357
00002804 30607789
00002805 22405690
00002806 08756258
00002807 17204390
00002808 11903090
00002809 20559258
00002810 18404690
00002811 15357958
00002812 15357958
00002813 30307690
00002814 19158858
00002815 08556258
00002816 24606290
00002817 24606290
00002818 18504790
00002819 24606290
00002820 10856758
00002821 23760058
00002822 30561758
00002823 18204690
00002824 29607491
00002825 15357959
00002826 14057559
00002827 14857759
00002828 09356459
00002829 00508127
00002830 17758559
00002831 17604491
00002832 14257659
00002833 12403191
00002834 27961059
00002835 24806291
00002836 05555459
00002837 08456159
00002838 09256359
00002839 15758059
00002840 03554959
00002841 14857759
00002842 03554959
00002843 18704791
00002844 00908227
00002845 03554959
00002846 15958059
00002847 03554959
00002848 15958059
00002849 01008327
00002850 14357659
00002851 03755059
00002852 28461159
00002853 09856559
00002854 16158159
00002855 28407192
00002856 01154360
00002857 02854760
00002858 12603292
00002859 01208328
00002860 03755060
00002861 22359660
00002862 12603292
00002863 12603292
00002864 01408428
00002865 00108028
00002866 03855060
00002867 15457960
00002868 16258160
00002869 01508428
00002870 03955060
00002871 18604792
00002872 10156660
00002873 01508428
00002874 25106392
00002875 22759760
00002876 10156660
00002877 12603292
00002878 18804792
00002879 18804792
00002880 12603292
00002881 01708428
00002882 10356660
00002883 12603292
00002884 22859760
00002885 31407992
00002886 31407992
00002887 18804792
00002888 29161360
00002889 10556760
00002890 25306492
00002891 25306492
00002892 04255160
00002893 31507992
00002894 04255160
00002895 10556760
00002896 04255160
00002897 02208628
00002898 25306492
00002899 12703293
00002900 29461461
00002901 29461461
00002902 31507993
00002903 16958361
00002904 01508429
00002905 23259861
00002906 31708093
00002907 04455161
00002908 29661461
00002909 15157861
00002910 10656761
00002911 12703293
00002912 10856761
00002913 31708093
00002914 12703293
00002915 04555261
00002916 17158361
00002917 10856761
00002918 23559961
00002919 04555261
00002920 19204893
00002921 12703293
00002922 29961561
00002923 23760061
00002924 31908093
00002925 31908093
00002926 31908093
00002927 02908729
00002928 04755262
00002929 23760062
00002930 02908730
00002931 25606494
00002932 10456662
00002933 11156862
00002934 30161662
00002935 10356662
00002936 24706294
00002937 32008094
00002938 19204894
00002939 12903394
00002940 03208830
00002941 24060062
00002942 12903394
00002943 24060062
00002944 12903394
00002945 25606494
00002946 19304994
00002947 30461662
00002948 30461662
00002949 03308830
00002950 11356962
00002951 19004895
00002952 03508931
00002953 32208195
00002954 12903395
00002955 05055363
00002956 30661763
00002957 32208195
00002958 32208195
00002959 25806595
00002960 25806595
00002961 05055363
00002962 24360163
00002963 12903395
00002964 24460163
00002965 15157863
00002966 17458463
00002967 33508495
00002968 17204396
00002969 24160164
00002970 01654464
00002971 24706296
00002972 10356664
00002973 23960064
00002974 04009032
00002975 22959864
00002976 03108832
00002977 32408196
00002978 31161864
00002979 04209132
00002980 05455464
00002981 32508296
00002982 13103396
00002983 32008096
00002984 31261864
00002985 19504996
00002986 04309132
00002987 24860264
00002988 18458664
00002989 05455464
00002990 19504996
00002991 19705096
00002992 30761764
00002993 31461964
00002994 19705096
00002995 13103396
00002996 18558764
00002997 31661964
00002998 05555464
00002999 04509132
00003000 31661964
00003001 13103396
00003002 19705096
00003003 05755564
00003004 04709233
00003005 32708297
00003006 32708297
00003007 04809233
00003008 18758765
00003009 19705097
00003010 13203397
00003011 13203397
00003012 17558465
00003013 32908397
00003014 12357165
00003015 12357165
00003016 18958865
00003017 05955565
00003018 26306697
00003019 26306697
00003020 30861765
00003021 12357165
00003022 12457165
00003023 30361665
00003024 18658765
00003025 32162165
00003026 13203397
00003027 26006597
00003028 32262165
00003029 19058865
00003030 33008397
00003031 25660465
00003032 24160165
00003033 05655465
00003034 32008097
00003035 18758765
00003036 25860565
00003037 32462165
00003038 25860565
00003039 11256865
00003040 13003397
00003041 30961865
00003042 12657265
00003043 19458965
00003044 20005098
00003045 13403498
00003046 33208398
00003047 21659466
00003048 16658266
00003049 23760066
00003050 19805098
00003051 19558966
00003052 33208398
00003053 26160666
00003054 12957366
00003055 06009534
00003056 22759766
00003057 19759066
00003058 30407698
00003059 15557966
00003060 04655266
00003061 18058566
00003062 33108398
00003063 20005098
00003064 26806798
00003065 33162366
00003066 06209634
00003067 26506798
00003068 19759066
00003069 06309634
00003070 26560766
00003071 33162366
00003072 26560767
00003073 13157367
00003074 26560767
00003075 13403499
00003076 26660767
00003077 12703299
00003078 24360167
00003079 05655467
00003080 32962367
00003081 13203399
00003082 13603499
00003083 19304999
00003084 04709235
00003085 26860767
00003086 26906899
00003087 26860767
00003088 13457467
00003089 13457467
00003090 13457467
00003091 20205199
00003092 33308499
00003093 13603499
00003094 06855767
00003095 13457467
00003096 00208135
00003097 00154167
00003098 07009835
00003099 20459167
00003100 27106899
00003101 27160867
00003102 13657467
00003103 20305199
00003104 06855767
00003105 27106899
00003106 00158730
00003107 05000000
00003108 02500000
00003109 00113640
00003110 00018417
00003111 00000311110100003111
